800
801
999
999
812
813
818
805
806
807
808
809
999
999
999
999
812
813
818
814
999
999
999
999
999
817
999
999
812
813
818
815
999
999
999
999
999
999
999
999
812
813
818
816
999
999
999
999
999
999
811
999
812
813
818
999
999
999
999
999
999
3
3
999
0
0
7
7
999
105
105
999
999
3
3
999
0
0
16
16
999
106
106
999
999
999
999
999
999
999
999
999
999
999
999
999
999
8
8
999
11
11
13
13
999
111
111
999
999
8
8
999
11
11
2
2
999
112
112
999
999
6
6
999
5
5
4
4
999
116
116
999
999
6
6
999
5
5
4
4
999
116
116
999
999
999
999
999
999
999
999
999
999
999
999
999
999
117
117
999
118
118
119
119
999
121
121
999
999
117
117
999
118
118
119
119
999
121
121
999
999
117
117
999
118
118
120
120
999
122
123
999
999
117
117
999
118
118
120
120
999
999
124
999
999
999
999
999
999
999
999
999
999
999
125
999
999
133
133
133
133
999
999
999
999
999
126
999
999
133
133
133
133
132
131
130
129
128
127
999
999
999
999
999
999
999
999
999
999
999
999
810
999
999
999
999
999
999
999
999
999
999
999
999
