800
801
999
999
812
813
805
806
807
808
809
810
999
999
999
999
999
999
999
999
999
999
999
999
999
817
901
902
903
904
905
906
907
908
909
999
999
999
901
902
903
904
905
906
907
908
909
999
999
999
901
902
903
904
905
906
907
908
909
999
999
999
901
902
903
904
905
906
907
908
909
999
999
999
901
902
903
904
905
906
907
908
909
999
999
999
901
902
903
904
905
906
907
908
909
999
999
999
901
902
903
904
905
906
907
908
909
999
999
999
901
902
903
904
905
906
907
908
909
999
999
999
901
902
903
904
905
906
907
908
909
999
999
999
901
902
903
904
905
906
907
908
909
999
999
999
901
902
903
904
905
906
907
908
909
999
999
999
901
902
903
904
905
906
907
908
909
999
999
999
901
902
903
904
905
906
907
908
909
999
999
999
901
902
903
904
905
906
907
908
909
999
999
999
901
902
903
904
905
906
907
908
909
999
999
999
901
902
903
904
905
906
907
908
909
999
999
999
901
902
903
904
905
906
907
908
909
999
999
999
999
999
999
999
999
999
999
999
999
999
999
999
999
999
999
999
999
999
999
999
999
999
999
999
999
999
999
999
999
999
999
999
999
999